0102,0102,0
0102,0103,0.6781845689
0102,0104,0.759882912
0102,0105,0.827451244
0102,0407,0.8977709264
0102,0202,0.9083580971
0102,0203,0.9202380106
0102,1008,0.9223953038
0102,1001,0.9261737391
0102,0201,0.9278754219
0102,0209,0.932366088
0102,0106,0.9364138022
0102,0709,0.9371813983
0102,0708,0.9398786724
0102,1104,0.9512059242
0102,1005,0.9574597329
0102,0204,0.9577935971
0102,0206,0.9624802656
0102,0207,0.9647641852
0102,2309,0.9706723224
0103,0103,0
0103,0104,0.5499888361
0103,0102,0.6781845689
0103,0105,0.8514895737
0103,0407,0.8593041748
0103,0203,0.8980930075
0103,0709,0.9135440141
0103,0210,0.9139496163
0103,1602,0.9183529615
0103,0209,0.9203857929
0103,0106,0.9251504987
0103,2309,0.9283849746
0103,0708,0.9292291179
0103,1104,0.9425628111
0103,1005,0.949924387
0103,0204,0.9503173903
0103,0206,0.9558342285
0103,0202,0.9560616203
0103,0201,0.9654193409
0103,1601,0.966904629
0104,0104,0
0104,0103,0.5499888361
0104,0102,0.759882912
0104,0105,0.8174349517
0104,0209,0.907860823
0104,0106,0.9133751169
0104,1104,0.9335267469
0104,0207,0.9402399957
0104,1005,0.9420464523
0104,0204,0.9425012842
0104,0206,0.9488860331
0104,0202,0.9491491988
0104,0203,0.9557411931
0104,2309,0.9570721909
0104,0201,0.9599790834
0104,1601,0.9616980404
0104,1602,0.9645402096
0105,0105,0
0105,0104,0.8174349517
0105,0102,0.827451244
0105,0103,0.8514895737
0105,0106,0.9086006656
0105,1104,0.9344860539
0105,1103,0.9460923895
0105,0407,0.9511803277
0105,0201,0.9577732757
0105,1008,0.962939743
0105,1001,0.9647441432
0105,1602,0.9650519453
0105,0209,0.9677013084
0105,0709,0.9700008687
0105,2309,0.9709464982
0105,0708,0.9712889567
0105,0207,0.9790515825
0105,1005,0.9796848223
0105,0204,0.9798442591
0105,0206,0.9820823856
0106,0106,0
0106,0308,0.7833784819
0106,0301,0.8061600924
0106,0303,0.840555191
0106,0304,0.8808882162
0106,1605,0.9015590325
0106,0302,0.9038187936
0106,0105,0.9086006656
0106,0104,0.9133751169
0106,0306,0.917266652
0106,0103,0.9251504987
0106,0209,0.9313990176
0106,0102,0.9364138022
0106,1104,0.9505082369
0106,1005,0.9568514675
0106,0204,0.9571901038
0106,0206,0.9619437866
0106,0202,0.962139722
0106,0203,0.9670476988
0106,0201,0.9702029675
0201,0201,0
0201,0202,0.5500732362
0201,0203,0.6442539096
0201,0204,0.6809923649
0201,0206,0.7513179779
0201,0207,0.8347484618
0201,1602,0.8635999262
0201,0210,0.9049890488
0201,2010,0.9223230258
0201,0709,0.9273956344
0201,0102,0.9278754219
0201,1601,0.9291128367
0201,0403,0.9487043917
0201,0105,0.9577732757
0201,0104,0.9599790834
0201,0103,0.9654193409
0201,0209,0.9683061726
0201,0106,0.9702029675
0201,2201,0.9714511614
0201,1604,0.974423768
0202,0202,0
0202,0203,0.3898112774
0202,0204,0.476534605
0202,0201,0.5500732362
0202,0206,0.5790083706
0202,1602,0.772813201
0202,0207,0.7900304496
0202,0210,0.8270766288
0202,1601,0.8855709583
0202,2010,0.9013031945
0202,0102,0.9083580971
0202,0104,0.9491491988
0202,0103,0.9560616203
0202,0209,0.9597296417
0202,0106,0.962139722
0202,2201,0.9637256823
0202,1604,0.9675026946
0202,0405,0.9678411335
0202,1104,0.9709471948
0202,0403,0.9709673077
0203,0203,0
0203,0202,0.3898112774
0203,0204,0.4104353786
0203,0206,0.5229715705
0203,0201,0.6442539096
0203,1602,0.6708689034
0203,0207,0.7634637207
0203,0210,0.7980062217
0203,1601,0.8511282057
0203,0103,0.8980930075
0203,2010,0.9140976518
0203,0102,0.9202380106
0203,0303,0.9381285906
0203,0304,0.9424585402
0203,1604,0.9483393878
0203,0104,0.9557411931
0203,0209,0.9649500512
0203,0106,0.9670476988
0203,0208,0.9724044241
0203,1104,0.9747134261
0204,0204,0
0204,0203,0.4104353786
0204,0206,0.4431578517
0204,0202,0.476534605
0204,0201,0.6809923649
0204,0207,0.8102705181
0204,1602,0.8328363895
0204,0210,0.8611715734
0204,2010,0.8884001896
0204,1601,0.8916927502
0204,0104,0.9425012842
0204,0103,0.9503173903
0204,0209,0.9544649497
0204,0106,0.9571901038
0204,0102,0.9577935971
0204,1104,0.9671490118
0204,1005,0.9713594392
0204,0105,0.9798442591
0206,0206,0
0206,0204,0.4431578517
0206,0203,0.5229715705
0206,0202,0.5790083706
0206,0207,0.7069469392
0206,0201,0.7513179779
0206,1602,0.7976606637
0206,1601,0.8500851542
0206,0210,0.8602063358
0206,2010,0.9007924125
0206,0407,0.928465113
0206,0303,0.9285454527
0206,0304,0.9335460588
0206,0104,0.9488860331
0206,0103,0.9558342285
0206,0709,0.9560426287
0206,0209,0.959521234
0206,0106,0.9619437866
0206,0102,0.9624802656
0206,1104,0.9707968403
0207,0207,0
0207,0206,0.7069469392
0207,0203,0.7634637207
0207,0202,0.7900304496
0207,0204,0.8102705181
0207,0201,0.8347484618
0207,0210,0.8584115803
0207,1602,0.8616250604
0207,1601,0.9185476303
0207,2010,0.9359727353
0207,0104,0.9402399957
0207,0303,0.9538841806
0207,0304,0.9571115077
0207,0208,0.9590090401
0207,0802,0.9592880979
0207,0307,0.9597261585
0207,0102,0.9647641852
0207,0302,0.9670819454
0207,2007,0.9700637311
0207,0306,0.9716844819
0208,0208,0
0208,1602,0.9245030507
0208,0703,0.9321957007
0208,0701,0.9381590858
0208,0802,0.9462217465
0208,0307,0.946800407
0208,0302,0.9565170072
0208,0207,0.9590090401
0208,0306,0.9625967108
0208,0210,0.9627012052
0208,2104,0.9715428744
0208,0203,0.9724044241
0208,1905,0.990846483
0209,0209,0
0209,0305,0.8814983293
0209,0104,0.907860823
0209,1601,0.9191710949
0209,0103,0.9203857929
0209,1602,0.9210467339
0209,0106,0.9313990176
0209,0102,0.932366088
0209,1104,0.9473577291
0209,1005,0.9541047551
0209,0204,0.9544649497
0209,0206,0.959521234
0209,0202,0.9597296417
0209,0210,0.9611203969
0209,0203,0.9649500512
0209,0105,0.9677013084
0209,0201,0.9683061726
0209,1905,0.9753618874
0210,0210,0
0210,0203,0.7980062217
0210,0202,0.8270766288
0210,0207,0.8584115803
0210,0206,0.8602063358
0210,0204,0.8611715734
0210,1602,0.8818127215
0210,1601,0.8862912655
0210,0201,0.9049890488
0210,0103,0.9139496163
0210,2010,0.9473996721
0210,0209,0.9611203969
0210,0305,0.9620717503
0210,0303,0.9621144645
0210,0208,0.9627012052
0210,0706,0.9654742815
0210,1904,0.9686696082
0210,0102,0.9710527156
0210,2105,0.9762853328
0210,2007,0.9781614151
0301,0301,0
0301,0306,0.6395258009
0301,0303,0.7354706526
0301,0307,0.7569536269
0301,0106,0.8061600924
0302,0302,0
0302,0308,0.5559942126
0302,0307,0.6208843291
0302,0306,0.6486647427
0302,0304,0.7558583915
0302,0303,0.8687434644
0302,0305,0.8757548705
0302,0802,0.8904376104
0302,1605,0.8991135284
0302,0106,0.9038187936
0302,1604,0.9382625371
0302,2104,0.9420243204
0302,0208,0.9565170072
0302,0207,0.9670819454
0302,1905,0.9813515469
0303,0303,0
0303,0304,0.6837574244
0303,0308,0.7043810487
0303,0301,0.7354706526
0303,0307,0.8394132107
0303,0106,0.840555191
0303,0706,0.8493972421
0303,1904,0.8633354008
0303,0302,0.8687434644
0303,0306,0.8870954886
0303,2105,0.8965555355
0303,2007,0.9047390893
0303,0206,0.9285454527
0303,1604,0.9375625737
0303,0203,0.9381285906
0303,1602,0.9504291378
0303,0207,0.9538841806
0303,0210,0.9621144645
0303,1905,0.9738748632
0304,0304,0
0304,0308,0.4501386881
0304,1605,0.5891872942
0304,0303,0.6837574244
0304,1604,0.7165805399
0304,0305,0.7172032893
0304,0302,0.7558583915
0304,0306,0.7899937779
0304,0307,0.8506515622
0304,0106,0.8808882162
0304,0206,0.9335460588
0304,0203,0.9424585402
0304,1602,0.9538982585
0304,0207,0.9571115077
0305,0305,0
0305,1605,0.6494202912
0305,0304,0.7172032893
0305,1604,0.7651640773
0305,0307,0.8479913622
0305,0302,0.8757548705
0305,0209,0.8814983293
0305,0306,0.8931265697
0305,1601,0.9014784694
0305,1905,0.9498101696
0305,0210,0.9620717503
0306,0306,0
0306,0307,0.4156042337
0306,0308,0.6180741787
0306,0301,0.6395258009
0306,0302,0.6486647427
0306,0304,0.7899937779
0306,0303,0.8870954886
0306,0305,0.8931265697
0306,1904,0.8931804672
0306,0802,0.905756399
0306,1605,0.9132192656
0306,0106,0.917266652
0306,1604,0.9410784543
0306,2103,0.9452100806
0306,2106,0.9487741962
0306,2104,0.9501303621
0306,0208,0.9625967108
0306,0207,0.9716844819
0306,1905,0.9839589372
0307,0307,0
0307,0306,0.4156042337
0307,0302,0.6208843291
0307,0308,0.7283888757
0307,0301,0.7569536269
0307,0713,0.7972691655
0307,0303,0.8394132107
0307,0305,0.8479913622
0307,0304,0.8506515622
0307,0810,0.8561320901
0307,0802,0.8659550697
0307,1008,0.901303947
0307,2104,0.929069221
0307,0208,0.946800407
0307,0207,0.9597261585
0307,1905,0.9771844111
0308,0308,0
0308,0304,0.4501386881
0308,0302,0.5559942126
0308,0306,0.6180741787
0308,0303,0.7043810487
0308,0307,0.7283888757
0308,1605,0.7727811784
0308,0106,0.7833784819
0401,0401,0
0401,0402,0.4690372348
0401,0405,0.5895383954
0401,0403,0.6151070893
0401,0404,0.7270750999
0401,0406,0.7873036116
0401,0408,0.9074753746
0401,2008,0.9218261987
0401,2009,0.9330909327
0401,1207,0.9355436936
0401,8434,0.9366124943
0401,1008,0.9366611466
0401,2101,0.9476251788
0401,1904,0.9503425509
0401,2004,0.952342201
0401,2007,0.9631439447
0401,2202,0.9631687738
0401,1104,0.9662350938
0401,0902,0.9667598568
0401,0901,0.9677081481
0402,0402,0
0402,0401,0.4690372348
0402,0405,0.6181691885
0402,0403,0.724540323
0402,0404,0.7874085307
0402,0406,0.8513520509
0402,0408,0.9081365243
0402,2008,0.922384806
0402,8434,0.9370654449
0402,1008,0.937113747
0402,2101,0.9479994364
0402,2007,0.9634073079
0402,2202,0.9634319581
0402,0902,0.9669973813
0402,0901,0.9679388963
0402,2201,0.9712354392
0402,0202,0.9743550438
0402,2208,0.9793603681
0402,0201,0.979816746
0402,1806,0.9829359856
0403,0403,0
0403,0401,0.6151070893
0403,0404,0.6932291985
0403,0405,0.7225005627
0403,0402,0.724540323
0403,0406,0.8342817575
0403,2102,0.9239640459
0403,1207,0.9275503531
0403,8434,0.9287516996
0403,1904,0.9441844448
0403,2004,0.9464320727
0403,0201,0.9487043917
0403,2007,0.9554896615
0403,0709,0.9607414901
0403,1104,0.9620478451
0403,2009,0.9649232067
0403,2104,0.9668288268
0403,2201,0.9674355984
0403,0202,0.9709673077
0403,2208,0.976633843
0404,0404,0
0404,0403,0.6932291985
0404,0401,0.7270750999
0404,0402,0.7874085307
0404,0406,0.9647271074
0405,0405,0
0405,0401,0.5895383954
0405,0402,0.6181691885
0405,0403,0.7225005627
0405,0406,0.7520784736
0405,1505,0.8154721558
0405,1517,0.8830366284
0405,0409,0.9142803699
0405,2009,0.9166953415
0405,8434,0.9210798442
0405,1103,0.942835398
0405,1902,0.9513698965
0405,1101,0.9591814056
0405,1005,0.9609744772
0405,0710,0.96195269
0405,2104,0.9632570297
0405,2201,0.9639291354
0405,0202,0.9678411335
0405,1905,0.9727019109
0405,0201,0.9746901281
0406,0406,0
0406,0405,0.7520784736
0406,0401,0.7873036116
0406,0403,0.8342817575
0406,0402,0.8513520509
0406,0409,0.9636232778
0406,2009,0.9646481127
0406,0404,0.9647271074
0406,1704,0.9734247923
0406,1103,0.975741135
0406,1101,0.9826778676
0406,1005,0.9834387917
0406,2104,0.9844074342
0406,0105,0.9863733221
0406,1602,0.9881524397
0406,2208,0.9890164174
0406,2204,0.9932314157
0407,0407,0
0407,0709,0.7792868912
0407,0103,0.8593041748
0407,0102,0.8977709264
0407,0206,0.928465113
0407,0105,0.9511803277
0407,2204,0.9736122601
0408,0408,0
0408,3101,0.7189182937
0408,1005,0.8679718375
0408,0710,0.8712812513
0408,3102,0.8794144168
0408,0401,0.9074753746
0408,0402,0.9081365243
0409,0409,0
0409,1702,0.7624089569
0409,0405,0.9142803699
0409,2204,0.9626294263
0409,0406,0.9636232778
0507,0507,0
0602,0602,0
0602,0712,0.8155696541
0602,0904,0.8635487407
0602,0703,0.8817803115
0602,0910,0.9214806929
0602,0709,0.9289000779
0602,2208,0.9451042973
0603,0603,0
0701,0701,0
0701,0704,0.6211639047
0701,1207,0.8459729403
0701,2004,0.8522656858
0701,0703,0.8581762314
0701,0706,0.8692345768
0701,0709,0.913031131
0701,1008,0.9229155853
0701,0208,0.9381590858
0701,3825,0.9563418552
0702,0702,0
0702,0706,0.7688813508
0702,0711,0.7717598379
0702,0708,0.8865954578
0703,0703,0
0703,0713,0.8263927102
0703,0904,0.8350628316
0703,2004,0.83801952
0703,0701,0.8581762314
0703,0602,0.8817803115
0703,0910,0.9050888047
0703,0710,0.9248053655
0703,0709,0.9264928773
0703,0708,0.9296490923
0703,0208,0.9321957007
0704,0704,0
0704,0701,0.6211639047
0705,0705,0
0705,0706,0.7361727059
0705,0709,0.8647382855
0705,0708,0.8705460876
0706,0706,0
0706,0709,0.7295642197
0706,0705,0.7361727059
0706,0702,0.7688813508
0706,0713,0.7811868936
0706,0811,0.8006466627
0706,1207,0.8179448247
0706,0708,0.8298457265
0706,0303,0.8493972421
0706,0701,0.8692345768
0706,1904,0.8754552826
0706,2105,0.9057293385
0706,1008,0.9088886306
0706,2007,0.9131871536
0706,3825,0.948397439
0706,0210,0.9654742815
0706,1905,0.9761917293
0708,0708,0
0708,1210,0.8268493563
0708,0706,0.8298457265
0708,0709,0.8689026833
0708,0705,0.8705460876
0708,0702,0.8865954578
0708,0713,0.9081692621
0708,1206,0.9108912572
0708,1201,0.9164927825
0708,2004,0.9227767959
0708,1207,0.9280291125
0708,1004,0.9285967425
0708,0103,0.9292291179
0708,0703,0.9296490923
0708,1205,0.9391848147
0708,0102,0.9398786724
0708,2009,0.9494335093
0708,0710,0.9602252953
0708,1001,0.9657351151
0708,1005,0.9671307281
0709,0709,0
0709,0706,0.7295642197
0709,0407,0.7792868912
0709,0713,0.7918660045
0709,0710,0.7967059761
0709,0711,0.8170123249
0709,0705,0.8647382855
0709,0708,0.8689026833
0709,0712,0.8767879456
0709,0811,0.8977934569
0709,2005,0.8990025222
0709,0701,0.913031131
0709,0103,0.9135440141
0709,0703,0.9264928773
0709,0201,0.9273956344
0709,0602,0.9289000779
0709,0102,0.9371813983
0709,1902,0.9468812458
0709,0206,0.9560426287
0709,0403,0.9607414901
0710,0710,0
0710,1505,0.7938126326
0710,0709,0.7967059761
0710,0804,0.8640532941
0710,1517,0.8693076968
0710,0408,0.8712812513
0710,2002,0.8885941952
0710,0713,0.9018466324
0710,0802,0.9034090191
0710,0711,0.9064057246
0710,0810,0.9185614511
0710,0703,0.9248053655
0710,1103,0.9253193513
0710,1005,0.949016504
0710,0708,0.9602252953
0710,0405,0.96195269
0710,1905,0.9694977142
0711,0711,0
0711,0702,0.7717598379
0711,0709,0.8170123249
0711,0710,0.9064057246
0712,0712,0
0712,0714,0.4771611691
0712,0803,0.7096959054
0712,0805,0.7546423227
0712,0802,0.7905107886
0712,0602,0.8155696541
0712,0709,0.8767879456
0713,0713,0
0713,1201,0.7009494305
0713,0706,0.7811868936
0713,0709,0.7918660045
0713,0307,0.7972691655
0713,2004,0.8094337285
0713,0703,0.8263927102
0713,0810,0.8272127658
0713,1008,0.8814647496
0713,0710,0.9018466324
0713,0708,0.9081692621
0714,0714,0
0714,0803,0.4447541833
0714,0712,0.4771611691
0714,0805,0.5307202637
0714,0802,0.5993235707
0719,0719,0
0719,8906,0.6404882669
0719,8903,0.7296684086
0719,8901,0.7523872703
0719,8905,0.7615693361
0719,1005,0.7950471491
0801,0801,0
0801,0905,0.6105463207
0801,1207,0.724532932
0801,0806,0.7257476449
0801,0904,0.7496032715
0801,0802,0.761652872
0801,0804,0.7905904055
0801,1104,0.8001107574
0801,0901,0.846442759
0801,0910,0.8559120744
0802,0802,0
0802,0714,0.5993235707
0802,1207,0.6440382898
0802,1805,0.7386549115
0802,0801,0.761652872
0802,0803,0.7775260955
0802,0905,0.778591305
0802,0712,0.7905107886
0802,0805,0.8119706661
0802,0806,0.8440845311
0802,0810,0.8545672297
0802,0904,0.8576467186
0802,0307,0.8659550697
0802,0812,0.8689663559
0802,0302,0.8904376104
0802,0710,0.9034090191
0802,0306,0.905756399
0802,0901,0.9127010256
0802,0910,0.9180844352
0802,2104,0.9282976985
0803,0803,0
0803,0714,0.4447541833
0803,0805,0.4594728947
0803,0809,0.5754677951
0803,0807,0.6273891032
0803,0712,0.7096959054
0803,0806,0.7249568999
0803,0802,0.7775260955
0803,2009,0.8544530272
0804,0804,0
0804,0801,0.7905904055
0804,0710,0.8640532941
0804,0812,0.8996576071
0804,1104,0.9279232249
0805,0805,0
0805,0803,0.4594728947
0805,0813,0.4887102842
0805,0714,0.5307202637
0805,0807,0.6850786805
0805,0712,0.7546423227
0805,0806,0.7675405294
0805,0802,0.8119706661
0805,0910,0.8671003133
0806,0806,0
0806,0807,0.6906112731
0806,0803,0.7249568999
0806,0801,0.7257476449
0806,0905,0.7452377379
0806,0805,0.7675405294
0806,0810,0.7979600579
0806,1207,0.8198024035
0806,0904,0.8362022489
0806,0802,0.8440845311
0806,0901,0.8995500803
0806,0910,0.9057444632
0807,0807,0
0807,0803,0.6273891032
0807,0805,0.6850786805
0807,0806,0.6906112731
0808,0808,0
0808,0809,0.2928932309
0808,0810,0.6347185373
0809,0809,0
0809,0808,0.2928932309
0809,0803,0.5754677951
0809,0810,0.7417069972
0809,2009,0.8285795897
0810,0810,0
0810,0808,0.6347185373
0810,0809,0.7417069972
0810,0806,0.7979600579
0810,0713,0.8272127658
0810,1207,0.8319176733
0810,0802,0.8545672297
0810,0307,0.8561320901
0810,1103,0.8776417449
0810,0812,0.8895218745
0810,1008,0.9158814847
0810,0710,0.9185614511
0811,0811,0
0811,2006,0.7510006428
0811,0706,0.8006466627
0811,2007,0.8739028424
0811,0709,0.8977934569
0812,0812,0
0812,2008,0.7917393744
0812,0813,0.842797488
0812,1207,0.8485593051
0812,0802,0.8689663559
0812,0810,0.8895218745
0812,0804,0.8996576071
0812,1008,0.9175270274
0813,0813,0
0813,0805,0.4887102842
0813,0812,0.842797488
0813,0910,0.8748983294
0813,1008,0.8803053349
0901,0901,0
0901,0902,0.6413342655
0901,2101,0.792654857
0901,0801,0.846442759
0901,0905,0.8573554903
0901,2202,0.8717011511
0901,1209,0.888623409
0901,1207,0.8991051689
0901,0806,0.8995500803
0901,0904,0.9082876444
0901,0802,0.9127010256
0901,2203,0.9447338954
0901,0910,0.9472251758
0901,1008,0.9495061487
0901,2009,0.9511513524
0901,2106,0.9627242796
0901,0401,0.9677081481
0901,0402,0.9679388963
0901,2208,0.9694399424
0901,1806,0.9700654801
0902,0902,0
0902,0901,0.6413342655
0902,2101,0.7865658998
0902,2202,0.8679334819
0902,1209,0.8853526935
0902,2203,0.9431109354
0902,1008,0.9480233341
0902,2009,0.9497168511
0902,2106,0.9616296329
0902,0401,0.9667598568
0902,0402,0.9669973813
0902,2208,0.9685425051
0902,1806,0.9691864159
0902,2309,0.9707652833
0902,2204,0.9819575008
0904,0904,0
0904,0910,0.576377362
0904,2123,0.5920756757
0904,0908,0.5920756757
0904,0907,0.5920756757
0904,0906,0.5920756757
0904,0801,0.7496032715
0904,0905,0.7673980445
0904,0703,0.8350628316
0904,1207,0.8354767561
0904,0806,0.8362022489
0904,0802,0.8576467186
0904,0602,0.8635487407
0904,0901,0.9082876444
0905,0905,0
0905,0801,0.6105463207
0905,1207,0.7441093326
0905,0806,0.7452377379
0905,0904,0.7673980445
0905,0802,0.778591305
0905,0901,0.8573554903
0905,0910,0.8661518693
0906,2123,0
0906,0908,0
0906,0907,0
0906,0906,0
0906,0904,0.5920756757
0906,0910,0.7652646154
0907,2123,0
0907,0908,0
0907,0907,0
0907,0906,0
0907,0904,0.5920756757
0907,0910,0.7652646154
0908,2123,0
0908,0908,0
0908,0907,0
0908,0906,0
0908,0904,0.5920756757
0908,0910,0.7652646154
0910,0910,0
0910,0904,0.576377362
0910,0907,0.7652646154
0910,0906,0.7652646154
0910,2123,0.7652646154
0910,0908,0.7652646154
0910,0801,0.8559120744
0910,0905,0.8661518693
0910,0805,0.8671003133
0910,0813,0.8748983294
0910,0703,0.9050888047
0910,1207,0.9053269923
0910,0806,0.9057444632
0910,0802,0.9180844352
0910,0602,0.9214806929
0910,2103,0.942502398
0910,0901,0.9472251758
1001,1001,0
1001,1003,0.6897876263
1001,1004,0.72407493
1001,1205,0.7579574734
1001,1005,0.7753121704
1001,1006,0.7890930772
1001,1210,0.8021094054
1001,1008,0.8304676861
1001,1007,0.8330670297
1001,1212,0.8503080755
1001,1002,0.8962305859
1001,1206,0.8981592953
1001,1201,0.9045611769
1001,1209,0.9048769623
1001,1107,0.908192426
1001,1701,0.9102171883
1001,1207,0.9177458286
1001,0102,0.9261737391
1001,3808,0.9293654114
1001,3105,0.9359286129
1002,1002,0
1002,1004,0.5084894001
1002,1005,0.6207508445
1002,1003,0.6317376196
1002,3105,0.8379383087
1002,1006,0.8541723639
1002,1001,0.8962305859
1002,3102,0.9090842679
1003,1003,0
1003,1004,0.3781665564
1003,1006,0.5604428649
1003,1002,0.6317376196
1003,1001,0.6897876263
1003,1005,0.7191685438
1003,1007,0.7721818388
1003,1107,0.8215493113
1003,1008,0.8393678367
1003,1205,0.8653060943
1003,3808,0.8897164762
1003,3105,0.8999637663
1003,1102,0.9077353552
1003,1101,0.9109741673
1003,3102,0.9438802116
1004,1004,0
1004,1003,0.3781665564
1004,1002,0.5084894001
1004,1210,0.587623477
1004,1005,0.6440627575
1004,1007,0.695936799
1004,1001,0.72407493
1004,1006,0.7461789846
1004,1008,0.7856082469
1004,1206,0.7877781242
1004,1201,0.8011187464
1004,1207,0.8285937458
1004,1205,0.8551622182
1004,3105,0.8664841354
1004,3102,0.9250983149
1004,0708,0.9285967425
1005,1005,0
1005,1002,0.6207508445
1005,1004,0.6440627575
1005,1103,0.710888207
1005,1003,0.7191685438
1005,1104,0.7252521813
1005,1105,0.7591233552
1005,1205,0.767815873
1005,1001,0.7753121704
1005,0719,0.7950471491
1005,1210,0.8101694882
1005,1008,0.8440036476
1005,1212,0.8564050347
1005,1007,0.8600296825
1005,0408,0.8679718375
1005,1006,0.8831578195
1005,1206,0.902307272
1005,1201,0.9084483981
1005,1701,0.913874045
1005,1207,0.9210960492
1006,1006,0
1006,1007,0.5603555739
1006,1003,0.5604428649
1006,1004,0.7461789846
1006,1001,0.7890930772
1006,1107,0.8393815309
1006,1002,0.8541723639
1006,1008,0.8554194719
1006,1209,0.8663231432
1006,1005,0.8831578195
1006,3105,0.9099601805
1006,1104,0.912127912
1006,1102,0.916955173
1006,1902,0.9249656349
1006,3301,0.9465570375
1006,3102,0.9494881481
1007,1007,0
1007,1006,0.5603555739
1007,1004,0.695936799
1007,1209,0.6959432662
1007,1003,0.7721818388
1007,1001,0.8330670297
1007,1008,0.8466187567
1007,1005,0.8600296825
1008,1008,0
1008,1004,0.7856082469
1008,1001,0.8304676861
1008,1003,0.8393678367
1008,1005,0.8440036476
1008,1007,0.8466187567
1008,1006,0.8554194719
1008,1104,0.8738679737
1008,2008,0.8777618557
1008,0813,0.8803053349
1008,0713,0.8814647496
1008,1207,0.8926809803
1008,0307,0.901303947
1008,0706,0.9088886306
1008,0810,0.9158814847
1008,0812,0.9175270274
1008,2101,0.9181029871
1008,0102,0.9223953038
1008,1103,0.9228617772
1008,0701,0.9229155853
1067,1725,0
1067,1553,0
1067,1419,0
1067,1067,0
1071,1071,0
1071,1905,0.9223246947
1091,1091,0
1101,1101,0
1101,1102,0.7220982313
1101,1901,0.8545400649
1101,1103,0.8578451127
1101,1206,0.8808902204
1101,1104,0.8959454894
1101,1107,0.9078853652
1101,1003,0.9109741673
1101,1205,0.9187096283
1101,1904,0.9210833386
1101,1905,0.9349675179
1101,1005,0.9532175511
1101,1001,0.9541988522
1101,0405,0.9591814056
1101,8433,0.9638076872
1101,8432,0.9774816129
1101,2309,0.9804510064
1101,0406,0.9826778676
1102,1102,0
1102,1904,0.7164907753
1102,1101,0.7220982313
1102,1104,0.8143470585
1102,1107,0.9045341834
1102,1003,0.9077353552
1102,1006,0.916955173
1102,1103,0.9236934409
1102,1905,0.9326016009
1102,1008,0.9378817491
1102,1902,0.9395830706
1102,1001,0.9525325857
1102,2309,0.9797398038
1103,1103,0
1103,1104,0.4607040286
1103,1005,0.710888207
1103,1101,0.8578451127
1103,0810,0.8776417449
1103,1008,0.9228617772
1103,1102,0.9236934409
1103,0710,0.9253193513
1103,0405,0.942835398
1103,0105,0.9460923895
1103,0406,0.975741135
1103,1905,0.977300223
1104,1104,0
1104,1103,0.4607040286
1104,1005,0.7252521813
1104,0801,0.8001107574
1104,1102,0.8143470585
1104,1904,0.832182467
1104,1206,0.869381398
1104,1008,0.8738679737
1104,1207,0.8945026547
1104,1101,0.8959454894
1104,1205,0.9108550549
1104,1006,0.912127912
1104,2004,0.9219972119
1104,0804,0.9279232249
1104,0104,0.9335267469
1104,0105,0.9344860539
1104,0103,0.9425628111
1104,0209,0.9473577291
1104,0106,0.9505082369
1104,0102,0.9512059242
1105,1105,0
1105,1005,0.7591233552
1107,1107,0
1107,1003,0.8215493113
1107,1006,0.8393815309
1107,1102,0.9045341834
1107,1101,0.9078853652
1107,1001,0.908192426
1107,2309,0.9608143941
1107,1905,0.971600702
1108,1108,0
1108,1701,0.3900117874
1108,1212,0.470020771
1108,3505,0.6349299252
1108,1209,0.7119515836
1201,1201,0
1201,1210,0.5177192688
1201,0713,0.7009494305
1201,1206,0.7518032193
1201,2004,0.7849083096
1201,1207,0.7995377183
1201,1004,0.8011187464
1201,1205,0.8306099623
1201,1001,0.9045611769
1201,1005,0.9084483981
1201,0708,0.9164927825
1205,1205,0
1205,1206,0.317517221
1205,1210,0.6487729549
1205,1212,0.734318614
1205,1001,0.7579574734
1205,1005,0.767815873
1205,1201,0.8306099623
1205,1701,0.8406485766
1205,1207,0.8540108055
1205,1004,0.8551622182
1205,1003,0.8653060943
1205,3808,0.8746338785
1205,1104,0.9108550549
1205,1101,0.9187096283
1205,8433,0.9359780401
1205,0708,0.9391848147
1205,8432,0.9601663686
1206,1206,0
1206,1205,0.317517221
1206,1210,0.485368669
1206,1201,0.7518032193
1206,1207,0.7860910445
1206,1004,0.7877781242
1206,1104,0.869381398
1206,1101,0.8808902204
1206,1001,0.8981592953
1206,1005,0.902307272
1206,8433,0.9061925709
1206,0708,0.9108912572
1206,8432,0.941634234
1207,1207,0
1207,1210,0.5843452513
1207,0802,0.6440382898
1207,0801,0.724532932
1207,0905,0.7441093326
1207,1206,0.7860910445
1207,1201,0.7995377183
1207,0706,0.8179448247
1207,0806,0.8198024035
1207,1004,0.8285937458
1207,0810,0.8319176733
1207,0904,0.8354767561
1207,1904,0.8448469341
1207,0701,0.8459729403
1207,0812,0.8485593051
1207,2004,0.8510947675
1207,1205,0.8540108055
1207,1008,0.8926809803
1207,1104,0.8945026547
1207,0901,0.8991051689
1209,1209,0
1209,1007,0.6959432662
1209,1108,0.7119515836
1209,3505,0.7804117948
1209,2101,0.8193560094
1209,1701,0.8242938668
1209,1006,0.8663231432
1209,0902,0.8853526935
1209,0901,0.888623409
1209,1001,0.9048769623
1210,1210,0
1210,1206,0.485368669
1210,1201,0.5177192688
1210,1207,0.5843452513
1210,1004,0.587623477
1210,1205,0.6487729549
1210,1001,0.8021094054
1210,1005,0.8101694882
1210,0708,0.8268493563
1211,1211,0
1211,3307,0.8133901656
1212,1212,0
1212,1701,0.4002161026
1212,1108,0.470020771
1212,1205,0.734318614
1212,1001,0.8503080755
1212,1005,0.8564050347
1301,1301,0
1301,1515,0.6042771935
1301,3307,0.7511043996
1301,3301,0.833588466
1419,1725,0
1419,1553,0
1419,1419,0
1419,1067,0
1501,1501,0
1501,1511,0.2781181931
1501,1509,0.587808311
1504,1504,0
1504,1511,0.7542451322
1504,1513,0.794966355
1504,1515,0.8594674766
1505,1505,0
1505,1517,0.3661478162
1505,0710,0.7938126326
1505,0405,0.8154721558
1505,1905,0.9318014607
1507,1507,0
1507,1513,0.4226497412
1507,1515,0.6042771935
1507,1509,0.6048613787
1509,1509,0
1509,1515,0.5309038758
1509,1513,0.5437332094
1509,1514,0.5705164969
1509,1501,0.587808311
1509,1507,0.6048613787
1509,1511,0.7024463117
1509,2101,0.8403964192
1509,1704,0.900272578
1509,2103,0.925051555
1509,1806,0.947625991
1509,1905,0.9740023576
1510,1510,0
1511,1511,0
1511,1501,0.2781181931
1511,1513,0.6004641652
1511,1509,0.7024463117
1511,1515,0.7261533439
1511,1504,0.7542451322
1512,1512,0
1512,4203,0.8012647033
1513,1513,0
1513,1515,0.3145879507
1513,1507,0.4226497412
1513,1509,0.5437332094
1513,1511,0.6004641652
1513,1514,0.6862336397
1513,1504,0.794966355
1514,1514,0
1514,1515,0.5698815286
1514,1509,0.5705164969
1514,1513,0.6862336397
1514,2103,0.8969186395
1515,1515,0
1515,1513,0.3145879507
1515,1509,0.5309038758
1515,1514,0.5698815286
1515,1507,0.6042771935
1515,1301,0.6042771935
1515,1511,0.7261533439
1515,1504,0.8594674766
1515,3307,0.9015063345
1515,2103,0.9249407426
1515,3301,0.9341471568
1517,1517,0
1517,1505,0.3661478162
1517,0710,0.8693076968
1517,0405,0.8830366284
1517,1905,0.9567722082
1518,1518,0
1553,1725,0
1553,1553,0
1553,1419,0
1553,1067,0
1601,1601,0
1601,1602,0.7019714415
1601,0206,0.8500851542
1601,0203,0.8511282057
1601,0202,0.8855709583
1601,0210,0.8862912655
1601,0204,0.8916927502
1601,0305,0.9014784694
1601,0207,0.9185476303
1601,0209,0.9191710949
1601,0201,0.9291128367
1601,2004,0.9440460578
1601,1605,0.950203225
1601,0104,0.9616980404
1601,0103,0.966904629
1601,0106,0.971482791
1601,0102,0.9718848001
1601,1604,0.975522304
1601,1104,0.9781167768
1601,1905,0.978612924
1602,1602,0
1602,0203,0.6708689034
1602,1601,0.7019714415
1602,0202,0.772813201
1602,0206,0.7976606637
1602,0204,0.8328363895
1602,0207,0.8616250604
1602,0201,0.8635999262
1602,0210,0.8818127215
1602,0103,0.9183529615
1602,0209,0.9210467339
1602,0208,0.9245030507
1602,1604,0.9292514771
1602,2010,0.9311757535
1602,2004,0.9481980801
1602,1605,0.9498332553
1602,0303,0.9504291378
1602,0304,0.9538982585
1602,0104,0.9645402096
1602,0105,0.9650519453
1604,1604,0
1604,1605,0.6925005019
1604,0304,0.7165805399
1604,0305,0.7651640773
1604,2001,0.90774519
1604,1602,0.9292514771
1604,0303,0.9375625737
1604,0302,0.9382625371
1604,0306,0.9410784543
1604,0203,0.9483393878
1604,0202,0.9675026946
1604,0206,0.9730032682
1604,0201,0.974423768
1604,1601,0.975522304
1604,0207,0.9825766664
1604,1905,0.9855804294
1605,1605,0
1605,0304,0.5891872942
1605,0305,0.6494202912
1605,1604,0.6925005019
1605,0308,0.7727811784
1605,2001,0.830845058
1605,0302,0.8991135284
1605,0106,0.9015590325
1605,1902,0.903044939
1605,0306,0.9132192656
1605,1602,0.9498332553
1605,1601,0.950203225
1605,1905,0.9735608175
1701,1701,0
1701,1108,0.3900117874
1701,1212,0.4002161026
1701,1702,0.7762102783
1701,3505,0.7773115486
1701,1209,0.8242938668
1701,1205,0.8406485766
1701,1001,0.9102171883
1701,1005,0.913874045
1702,1702,0
1702,0409,0.7624089569
1702,1701,0.7762102783
1704,1704,0
1704,1806,0.7355294228
1704,2101,0.8904683888
1704,1509,0.900272578
1704,1905,0.9612986557
1704,0406,0.9734247923
1725,1725,0
1725,1553,0
1725,1419,0
1725,1067,0
1803,1803,0
1803,1805,0.7434941232
1803,1806,0.7743809819
1805,1805,0
1805,0802,0.7386549115
1805,1803,0.7434941232
1805,1806,0.9192314148
1806,1806,0
1806,1704,0.7355294228
1806,1803,0.7743809819
1806,2101,0.8939256966
1806,1805,0.9192314148
1806,2206,0.9370511398
1806,1509,0.947625991
1806,1905,0.9581505172
1806,2007,0.9658344686
1806,2202,0.9658574834
1806,0902,0.9691864159
1806,0901,0.9700654801
1806,1008,0.9731254485
1806,0401,0.9828131739
1806,0402,0.9829359856
1806,2204,0.9889473012
1901,1901,0
1901,1902,0.7035579681
1901,1101,0.8545400649
1902,1902,0
1902,1901,0.7035579681
1902,2005,0.8870546222
1902,1605,0.903044939
1902,1904,0.9059809521
1902,1006,0.9249656349
1902,1102,0.9395830706
1902,1008,0.9438736401
1902,1905,0.9441128857
1902,2103,0.9464942031
1902,0709,0.9468812458
1902,0405,0.9513698965
1902,2106,0.9549127296
1902,3301,0.9611190744
1904,1904,0
1904,1102,0.7164907753
1904,1104,0.832182467
1904,1207,0.8448469341
1904,0303,0.8633354008
1904,0706,0.8754552826
1904,2004,0.8852826953
1904,0306,0.8931804672
1904,1902,0.9059809521
1904,2105,0.9144540131
1904,1101,0.9210833386
1904,2007,0.9212216064
1904,2103,0.9298582897
1904,2106,0.9344210476
1904,0403,0.9441844448
1904,0401,0.9503425509
1904,1905,0.9540648535
1904,0210,0.9686696082
1905,1905,0
1905,2105,0.911977075
1905,1071,0.9223246947
1905,1505,0.9318014607
1905,1102,0.9326016009
1905,2007,0.9328004122
1905,1101,0.9349675179
1905,1902,0.9441128857
1905,0802,0.9449878037
1905,0305,0.9498101696
1905,1904,0.9540648535
1905,1517,0.9567722082
1905,1806,0.9581505172
1905,1704,0.9612986557
1905,2001,0.9652089477
1905,2206,0.9687531646
1905,2102,0.9688723981
1905,2104,0.9690384157
1905,0710,0.9694977142
1905,2101,0.9714465328
2001,2001,0
2001,2005,0.7574212849
2001,1605,0.830845058
2001,1604,0.90774519
2001,1905,0.9652089477
2002,2002,0
2002,0710,0.8885941952
2003,2003,0
2004,2004,0
2004,1201,0.7849083096
2004,0713,0.8094337285
2004,0703,0.83801952
2004,1207,0.8510947675
2004,0701,0.8522656858
2004,1904,0.8852826953
2004,2009,0.9102488384
2004,1104,0.9219972119
2004,0708,0.9227767959
2004,1601,0.9440460578
2004,0403,0.9464320727
2004,1602,0.9481980801
2004,0401,0.952342201
2005,2005,0
2005,2001,0.7574212849
2005,1902,0.8870546222
2005,0709,0.8990025222
2006,2006,0
2006,0811,0.7510006428
2006,2007,0.8572302759
2007,2007,0
2007,2008,0.6986864805
2007,2006,0.8572302759
2007,0811,0.8739028424
2007,2206,0.8860636801
2007,2102,0.8864984512
2007,0303,0.9047390893
2007,0706,0.9131871536
2007,2208,0.9198739305
2007,1904,0.9212216064
2007,1905,0.9328004122
2007,2105,0.9403708912
2007,1008,0.9423692375
2007,0403,0.9554896615
2007,0401,0.9631439447
2007,0402,0.9634073079
2007,1806,0.9658344686
2007,1602,0.9678208753
2007,0207,0.9700637311
2007,0210,0.9781614151
2008,2008,0
2008,2007,0.6986864805
2008,0812,0.7917393744
2008,1008,0.8777618557
2008,0401,0.9218261987
2008,0402,0.922384806
2009,2009,0
2009,0809,0.8285795897
2009,0803,0.8544530272
2009,2202,0.8586536646
2009,2004,0.9102488384
2009,0405,0.9166953415
2009,0401,0.9330909327
2009,0708,0.9494335093
2009,0902,0.9497168511
2009,0901,0.9511513524
2009,2203,0.9519999325
2009,2104,0.9553573914
2009,0406,0.9646481127
2009,0403,0.9649232067
2009,2106,0.9676250555
2009,2208,0.9734577835
2009,2204,0.9847766664
2010,2010,0
2010,0204,0.8884001896
2010,0206,0.9007924125
2010,0202,0.9013031945
2010,0203,0.9140976518
2010,0201,0.9223230258
2010,1602,0.9311757535
2010,0207,0.9359727353
2010,0210,0.9473996721
2101,2101,0
2101,2202,0.7360442579
2101,0902,0.7865658998
2101,0901,0.792654857
2101,1209,0.8193560094
2101,1509,0.8403964192
2101,1704,0.8904683888
2101,1806,0.8939256966
2101,1008,0.9181029871
2101,0401,0.9476251788
2101,0402,0.9479994364
2101,1905,0.9714465328
2102,2102,0
2102,2007,0.8864984512
2102,0403,0.9239640459
2102,1905,0.9688723981
2103,2103,0
2103,1514,0.8969186395
2103,1515,0.9249407426
2103,1509,0.925051555
2103,1904,0.9298582897
2103,0910,0.942502398
2103,0306,0.9452100806
2103,1902,0.9464942031
2103,2104,0.9496712163
2103,2106,0.9663632177
2104,2104,0
2104,0802,0.9282976985
2104,0307,0.929069221
2104,0302,0.9420243204
2104,2103,0.9496712163
2104,0306,0.9501303621
2104,2009,0.9553573914
2104,0405,0.9632570297
2104,0403,0.9668288268
2104,1905,0.9690384157
2104,0401,0.9704885893
2104,0208,0.9715428744
2104,0207,0.9784570206
2104,0406,0.9844074342
2105,2105,0
2105,0303,0.8965555355
2105,0706,0.9057293385
2105,1905,0.911977075
2105,1904,0.9144540131
2105,2007,0.9403708912
2105,0210,0.9762853328
2106,2106,0
2106,1904,0.9344210476
2106,2208,0.9486170001
2106,0306,0.9487741962
2106,1902,0.9549127296
2106,2202,0.9574843049
2106,0902,0.9616296329
2106,0901,0.9627242796
2106,2203,0.9633718207
2106,2103,0.9663632177
2106,2009,0.9676250555
2106,1905,0.9863583623
2106,2204,0.9883832866
2123,2123,0
2123,0908,0
2123,0907,0
2123,0906,0
2123,0904,0.5920756757
2123,0910,0.7652646154
2201,2201,0
2201,2202,0.9205024838
2201,0202,0.9637256823
2201,0405,0.9639291354
2201,0403,0.9674355984
2201,0402,0.9712354392
2201,0201,0.9714511614
2202,2202,0
2202,2101,0.7360442579
2202,2009,0.8586536646
2202,0902,0.8679334819
2202,0901,0.8717011511
2202,2201,0.9205024838
2202,2203,0.9369649515
2202,1008,0.9424080588
2202,2106,0.9574843049
2202,0401,0.9631687738
2202,0402,0.9634319581
2202,2208,0.9651440121
2202,1806,0.9658574834
2202,2204,0.9800082874
2203,2203,0
2203,2206,0.8492385894
2203,2202,0.9369649515
2203,0902,0.9431109354
2203,0901,0.9447338954
2203,2009,0.9519999325
2203,2106,0.9633718207
2203,2208,0.9699708186
2203,2204,0.9827767108
2204,2204,0
2204,2205,0.8539308012
2204,2206,0.9200464785
2204,8435,0.9623936415
2204,0409,0.9626294263
2204,0407,0.9736122601
2204,0102,0.9749276489
2204,2208,0.9758387059
2204,2007,0.9799948111
2204,2202,0.9800082874
2204,0902,0.9819575008
2204,0901,0.982472226
2204,2203,0.9827767108
2204,0709,0.9837850351
2204,0405,0.9840502255
2204,2009,0.9847766664
2204,0105,0.9880266553
2204,2106,0.9883832866
2204,1806,0.9889473012
2204,0406,0.9932314157
2205,2205,0
2205,2204,0.8539308012
2206,2206,0
2206,8435,0.7858190536
2206,2203,0.8492385894
2206,2007,0.8860636801
2206,2208,0.9166346639
2206,2204,0.9200464785
2206,1806,0.9370511398
2206,1905,0.9687531646
2207,2207,0
2207,2208,0.9547759965
2208,2208,0
2208,2206,0.9166346639
2208,2007,0.9198739305
2208,0602,0.9451042973
2208,2106,0.9486170001
2208,2207,0.9547759965
2208,2202,0.9651440121
2208,0902,0.9685425051
2208,0901,0.9694399424
2208,2203,0.9699708186
2208,2009,0.9734577835
2208,2204,0.9758387059
2208,0403,0.976633843
2208,0401,0.9792118222
2208,0402,0.9793603681
2208,1602,0.981849784
2208,0207,0.9831148367
2208,0406,0.9890164174
2208,1905,0.9904343626
2209,2209,0
2223,2223,0
2301,2301,0
2303,2303,0
2308,2308,0
2308,2309,0.926868923
2309,2309,0
2309,2308,0.926868923
2309,0103,0.9283849746
2309,3104,0.9325004295
2309,3103,0.9325004295
2309,3101,0.9504632391
2309,3102,0.9568915069
2309,0104,0.9570721909
2309,1107,0.9608143941
2309,3105,0.9621181004
2309,0102,0.9706723224
2309,0902,0.9707652833
2309,0105,0.9709464982
2309,0901,0.9715993069
2309,1102,0.9797398038
2309,1101,0.9804510064
2309,1001,0.9805161729
2309,0708,0.9818473943
2309,0401,0.9836938158
2309,0402,0.9838103335
2401,2402,0
2401,2401,0
2402,2402,0
2402,2401,0
2403,2403,0
2501,2841,0
2501,2825,0
2501,2501,0
2502,7202,0
2502,2502,0
2502,2601,0.3780865669
2502,7216,0.6885422468
2502,7314,0.8581978828
2502,7308,0.9238737971
2504,2504,0
2505,2505,0
2505,3834,0.708450526
2505,3428,0.708450526
2505,2523,0.7788048238
2505,2517,0.8273161948
2505,2507,0.8349728435
2505,3824,0.8352047652
2505,2508,0.8681522161
2505,3816,0.8870281577
2505,2516,0.8961237073
2505,2515,0.8987387046
2505,2522,0.9194867909
2505,6810,0.9242054373
2507,2507,0
2507,2508,0.3954675198
2507,2505,0.8349728435
2507,2515,0.8506872207
2507,3816,0.8903342187
2507,2517,0.9419717789
2508,2508,0
2508,2507,0.3954675198
2508,2512,0.584864974
2508,2712,0.8137457669
2508,2505,0.8681522161
2508,2515,0.8807071596
2508,2517,0.9485611022
2510,2510,0
2510,2511,0.6104943156
2511,2511,0
2511,2520,0.5
2511,2510,0.6104943156
2512,2512,0
2512,2508,0.584864974
2513,2513,0
2513,6804,0.6747426987
2513,8486,0.7311900854
2513,8460,0.7537089735
2515,2515,0
2515,2507,0.8506872207
2515,2508,0.8807071596
2515,2505,0.8987387046
2515,6810,0.9727758355
2516,2516,0
2516,2517,0.5430825353
2516,2523,0.7998409122
2516,2518,0.816794008
2516,3834,0.8218547702
2516,6810,0.8578860462
2516,2505,0.8961237073
2516,3824,0.9024053887
2516,6901,0.9117261544
2516,3816,0.928982079
2516,7016,0.9381634854
2516,8202,0.9448440634
2516,2522,0.9508040808
2516,6904,0.9515680745
2516,7326,0.9540449604
2516,7308,0.9575528428
2516,6902,0.9581946321
2516,6910,0.9608045518
2516,6905,0.9670353793
2516,4818,0.9674759321
2517,2517,0
2517,2516,0.5430825353
2517,2523,0.778452009
2517,2505,0.8273161948
2517,3816,0.8340791315
2517,3824,0.8469485939
2517,6810,0.8602853417
2517,2518,0.8945706487
2517,3834,0.897482954
2517,3428,0.897482954
2517,7016,0.9063757136
2517,2522,0.9074918181
2517,7308,0.9309511855
2517,7610,0.9391699359
2517,2507,0.9419717789
2517,2508,0.9485611022
2517,6901,0.9492011443
2517,6904,0.9501266554
2517,6902,0.9569504298
2517,6905,0.9660542943
2518,2518,0
2518,3816,0.8007522523
2518,2516,0.816794008
2518,3824,0.8653368205
2518,2517,0.8945706487
2518,6810,0.9193900228
2519,2519,0
2519,2836,0.208170712
2520,2520,0
2520,2511,0.5
2520,2522,0.7639814764
2521,2521,0
2521,2523,0.7218166888
2521,6806,0.7275571525
2521,6810,0.9137791544
2522,2522,0
2522,2520,0.7639814764
2522,2523,0.7717944533
2522,3824,0.8818408176
2522,2517,0.9074918181
2522,2505,0.9194867909
2522,3816,0.9434133805
2522,2516,0.9508040808
2522,6810,0.9554606341
2523,2523,0
2523,2521,0.7218166888
2523,3834,0.7471038997
2523,3428,0.7471038997
2523,2522,0.7717944533
2523,2517,0.778452009
2523,2505,0.7788048238
2523,3824,0.7882704735
2523,3816,0.7909000069
2523,2516,0.7998409122
2523,2524,0.819901228
2523,6810,0.8669804484
2523,3214,0.8774891272
2523,6806,0.9242109433
2523,4421,0.9455768429
2523,6904,0.9457232691
2523,6902,0.9531495236
2523,7016,0.9614700712
2523,3922,0.9625378363
2523,6905,0.9630571827
2524,2524,0
2524,2523,0.819901228
2524,3816,0.8620262295
2524,3214,0.863461256
2550,2550,0
2601,2601,0
2601,7202,0.3780865669
2601,2502,0.3780865669
2601,7216,0.8063002378
2601,7314,0.9118113592
2601,7308,0.9526560903
2603,2603,0
2604,2604,0
2604,2609,0.3525896668
2604,9612,0.4588430524
2604,3919,0.8344819099
2606,2606,0
2606,8457,0.9181711525
2606,3824,0.9550800063
2609,2609,0
2609,2604,0.3525896668
2609,9612,0.6496493816
2609,3919,0.8928418756
2616,2616,0
2616,2621,0.7294694185
2616,2620,0.8412894756
2616,2617,0.8940267786
2617,2617,0
2617,2621,0.6082763672
2617,2620,0.6373170316
2617,7502,0.7894199193
2617,2616,0.8940267786
2617,7604,0.9001870006
2617,7601,0.920537591
2617,8483,0.9547302313
2617,7308,0.9733505473
2620,2620,0
2620,2621,0.4133360982
2620,2617,0.6373170316
2620,2616,0.8412894756
2621,2621,0
2621,2620,0.4133360982
2621,2617,0.6082763672
2621,2616,0.7294694185
2701,2701,0
2701,6802,0.6267485023
2701,6914,0.7298324704
2701,6904,0.7493858933
2701,6902,0.7836754173
2701,6905,0.8294224441
2701,6810,0.9235808402
2701,7308,0.9278315082
2705,2705,0
2705,2711,0.5613712966
2705,2710,0.5974082649
2705,2719,0.6836663783
2705,2804,0.7894109488
2705,2709,0.8463054299
2705,2801,0.8814516217
2705,8415,0.931988202
2705,3825,0.9616003931
2707,2707,0
2707,2713,0.4795888066
2707,2709,0.5966779292
2707,3403,0.706551671
2707,3212,0.7899005115
2707,3209,0.8461654335
2707,3208,0.8821514547
2707,3917,0.8840076327
2707,3923,0.9415221624
2709,2709,0
2709,2719,0.5141377151
2709,2707,0.5966779292
2709,2713,0.790106684
2709,2705,0.8463054299
